1046932845682813
1053766855004430
1072074406493979
1089105581424781
1092378847793991
1104731699860294
1105449656457415
1118975601768967
1121284048224247
1123320618008506
1129956960692640
1165642207101377
1207445162923063
1256668104532416
1309619542556377
1346728745521375
1388421828011071
139087584196527
139706204129575
1451755681697150
1506916682821523
1510531162639014
1516161945216121
1557343877775118
1574389132724168
160939661751167
1814120672056019
1927730457352134
196700921626965
200512584578188
200568277867763
203196457622124
203199657410175
203485044085363
204071867533109
204955167478038
205030644153760
205578147391333
208780533550355
212531906646951
212697056618425
212700209939721
214898566420716
217134749371098
219097839204080
219627739400440
222293602311750
2244626375640892
2257979497844254
228266988369105
230202178346140
232506671205306
233198057732982
234189987979412
239232973788406
242241360250702
2434872433278912
243610200098329
244188523289908
245594963505823
246225126423066
246229396558102
247281113078917
249510606071584
2516640761935916
2525801824341366
252614462564795
253290335707166
2540696382871789
2551440988458154
255481408814534
2557969661139503
2559188310986222
2560587237528780
257303991939043
2582255938718072
258875095117720
2596854897305487
260263501641528
2603458516578489
2605584533101366
260598148276324
261009291557679
2614904275453841
2619428255045479
262404531424946
2635447553249685
266160851060671
2667351406918363
2672753863001092
2739761572911308
2781119911943366
2838481316378929
2897671110314005
291735581795107
292021711762629
292767861689459
2943235625719471
2950010948392577
2999997983391774
3014094761967824
3079064125478034
3100033846707525
310642989942318
325567651744780
3361186650574801
343509063272813
3711961548873827
494978307840306
497735587589305
499748580910978
518221618838835
522777805097062
522874258648920
528282547842151
532782524089902
539411656778997
542771073287085
546950982837156
548432859211336
550197658961843
570986236957981
572751163333580
572960773324922
575565746378027
577884479478395
587703705176763
588660241728657
606303423559647
618383535679772
618701195527031
622045148527252
624029178440771
627638838059054
639367000173557
642102189685379
643029166490469
643061006475805
645916392868610
648772445688064
649156772318744
653837782073044
654413518715271
670533490416349
671761570255909
677224799717321
691247121413716
701056440634311
702589887175935
740678913005488
771231023406071
791579508030353
809393332878811
815629955592342
836320223555482
839398256580219
839771183178373
846406239156738
848743115622714
861218351020648
882303822250146
904816899977270
910904096015186
911668742617628
921176244964849
981538482244126
armyofmasksGreaterOrlandoCentralFlorida
bavarianmakersvsvirus
BhamFaceMasks
covid19.germany
covid19.medicalsupplies.peru
covid19centralOH
CSRACovid19
ctfpperesponseteam
DC.COVID19
delmarvacovidvolunteers
DMVCOVID19
floridamaskmakers
helpneededcovid19
indysewingmasks
MakerspaceAdelaide
MaskMakingforArizonaHealthCareWorkers
millionmaskchallenge
MovimentoMakerPortugal
mtlcovid
NILMakersCOVIDsupport
OpenSourceCOVID19Ambato
opensourcecovid19medicalsuppliesaustralia
opensourcecovid19medicalsuppliesbrevardcofl
opensourcecovid19medicalsuppliesnl
opensourcecovid19medicalsuppliestaiwan
OpenSourceCOVID19MedicalSuppliesVancouverCanada
opensourcecovid19minnesota
OpensourceCOVID19Oklahoma
opensourcenm
opensourcesuplaimediscovid19Indonesia
orlandofacemaskstrong
OSCDMS
OSCMSAustralia
OSCMSCentralOhio
oscmsmilwaukee
oscmsnorthernnewengland
oscmswv
pnwcovid19relief
PPEforGuam
PPEforHCPsToronto
PPEforSTL
SewAgainstCovidPHL
stopthebug
VolunteersinOntarioFindingPPEforHospitals
WestMichiganOSMS